000000
0000000
091555
093555
093666
093777
093888
093999
0987654
09876543
098765432
0987654321
102030
1111111
11111111
111111111
1111111111
1123456Aa
123321
12341234
123456
1234567
12345678
123456789
1234567890
13501350
13511351
13521352
13531353
13541354
13551355
13561356
135656
13565656
13571357
135757
13575757
1357951
13581358
135858
13585858
13591359
135959
13595959
13601360
136060
13606060
13611361
136161
13616161
13621362
136262
13626262
13631363
136363
13636363
13641364
136464
13646464
13651365
136565
13656565
13661366
136666
13666666
13671367
136767
13676767
13681368
136868
13686868
13691369
136969
13696969
13701370
13701371
137070
13707070
13711370
13711371
13711372
137171
13717171
13721370
13721372
13721373
137272
13727272
13731370
13731372
13731373
137373
13737373
13741370
13741374
13741375
137474
13747474
13751370
13751374
13751375
13751376
137575
13757575
13761370
13761375
13761376
13761377
137676
13767676
13771370
13771376
13771377
13771378
137777
13777777
13781370
13781377
13781378
137878
13787878
13791370
13791379
13791380
137979
13797979
13801370
13801379
13801380
138080
13808080
138113
13811380
13811381
138181
13818181
13821380
13821382
13831380
13831383
13841380
13841384
13851380
13851385
13861380
13861386
13871380
13871387
13881380
13881388
13891380
13891389
13901390
13911391
13921392
13931393
13941394
13951395
13961396
13971397
13981398
13991399
14001400
14011401
14021402
14031403
14041404
14051405
14061406
14071407
14081408
14091409
14101410
14111411
14121412
14131413
14141414
14151415
14161416
14171417
14181418
14191419
14201420
14211421
14221422
14231423
14241424
14251425
14261426
14271427
14281428
14291429
14301430
14311431
14321432
14331433
14341434
14351435
14361436
14371437
14381438
14391439
19501950
19511951
19521952
19531953
19541954
19551955
19561956
19571957
19581958
19591959
19601960
19611961
19621962
19631963
19641964
19651965
19661966
19671967
19681968
19691969
19701970
19711971
19721972
19731973
19741974
19751975
19761976
19771977
19781978
19791979
19801980
19811981
19821982
19831983
19841984
19851985
19861986
19871987
19881988
19891989
19901990
19911991
19921992
19931993
19941994
19951995
19961996
19971997
19981998
19991999
20002000
20012001
20022002
20032003
20042004
20052005
20062006
20072007
20082008
20092009
20102010
20112011
20122012
20132013
20142014
20152015
20162016
20162017
20166666
20172016
20172017
20177777
20188888
20202020
